MOR 1 7 30 7 38
ENG 1 7 40 8 20
MUS 1 8 35 9 15
MAT 1 9 30 10 10
CHN 1 10 25 11 05
CHE 1 13 20 14 0
TEN 1 14 15 14 55
PHY 1 15 10 15 50
MOR 2 7 30 7 38
CHN 2 7 40 8 20
ENG 2 8 35 9 15
MAT 2 9 30 10 10
BIO 2 10 25 11 05
PHY 2 11 20 12 0
CHE 2 13 20 14 0
TEN 2 14 15 14 55
POL 2 15 10 15 50
MOR 3 7 30 7 38
ENG 3 7 40 8 20
ART 3 8 35 9 15
CHN 3 9 30 10 10
MAT 3 10 30 12 0
PHY 3 13 20 14 0
TEN 3 14 15 14 55
BIO 3 15 10 15 50
MOR 4 7 30 7 38
MAT 4 7 40 8 20
ENG 4 8 35 9 15
CHN 4 9 30 10 10
BIO 4 10 25 11 05
PHY 4 11 20 12 0
CHE 4 13 20 14 0
TEN 4 14 15 14 55
MOR 5 7 30 7 38
ENG 5 7 40 8 20
CHN 5 8 35 9 15
MAT 5 9 30 10 10
POL 5 10 25 11 05
BIO 5 11 20 12 0
TEN 5 14 15 14 55
PHY 5 15 10 15 50
CHE 5 16 5 16 45
POL 5 17 0 17 40
end